R16,QF,SF,Final,W,Team
0.993,0.738,0.514,0.365,0.244,Brazil
0.947,0.683,0.42,0.263,0.137,France
0.954,0.662,0.383,0.233,0.117,England
0.99,0.655,0.388,0.178,0.096,Netherlands
0.924,0.647,0.326,0.197,0.113,Spain
0.944,0.588,0.363,0.179,0.087,Portugal
0.862,0.473,0.218,0.094,0.028,Belgium
0.65,0.39,0.22,0.11,0.067,Argentina
0.707,0.379,0.168,0.062,0.018,Denmark
0.707,0.278,0.11,0.034,0.014,Switzerland
0.661,0.266,0.094,0.037,0.0,Japan
0.683,0.193,0.069,0.017,0.0,South Korea
0.592,0.231,0.078,0.033,0.0,Ecuador
0.587,0.217,0.073,0.017,0.0,Croatia
0.572,0.17,0.061,0.019,0.0,USA
0.405,0.209,0.099,0.045,0.019,Germany
0.495,0.153,0.044,0.016,0.0,Poland
0.444,0.137,0.051,0.015,0.0,Saudi Arabia
0.411,0.153,0.056,0.015,0.0,Mexico
0.407,0.124,0.044,0.012,0.0,Senegal
0.368,0.123,0.039,0.012,0.0,Morocco
0.327,0.116,0.04,0.0,0.0,Wales
0.283,0.1,0.035,0.0,0.0,Serbia
0.269,0.077,0.036,0.014,0.0,Uruguay
0.239,0.078,0.024,0.0,0.0,Tunisia
0.183,0.064,0.016,0.0,0.0,Canada
0.147,0.039,0.013,0.0,0.0,Iran
0.107,0.027,0.0,0.0,0.0,Australia
0.104,0.019,0.0,0.0,0.0,Ghana
0.017,0.0,0.0,0.0,0.0,Cameroon
0.011,0.0,0.0,0.0,0.0,Qatar
0.01,0.0,0.0,0.0,0.0,Costa Rica
