name,price,prob_to_win,country,xG,pwin,xGa,R16,QF,SF,Final,R16_prob,QF_prob,SF_prob,Final_prob,W_prob,prob_to_win_R16,prob_to_win_QF,prob_to_win_SF,prob_to_win_Final,xG_R16,xG_QF,xG_SF,xG_Final,xGa_R16,xGa_QF,xGa_SF,xGa_Final
Brazil,4.99,0.17243194045841131,Brasilien,1.1424554656358372,0.7221707937977321,0.5517335574886503,Ghana,Belgium,Argentina,Argentina,0.85,0.61,0.41,0.26,0.18,0.983722599164927,0.7733878292461399,0.5660869565217392,0.5660869565217392,1.5562236381442986,1.2234794873551185,0.8955348832405918,0.8955348832405918,0.7515573516412001,0.5908630230038218,0.4324865711159461,0.4324865711159461
Argentina,6.51,0.13217133377687748,Argentina,1.485377691649532,0.8308159433581909,0.27851898056143054,Australia,Ecuador,Belgium,Australia,0.9,0.61,0.43,0.27,0.14,0.9871966329701451,0.9395487046150989,0.7234494477485132,0.9871966329701451,1.7649635489159008,1.6797760047941246,1.2934220621456265,1.7649635489159008,0.33094333591764097,0.31497005984199145,0.24252592199927878,0.33094333591764097
France,7.51,0.11457195511151431,Frankrig,1.4252531165829214,0.7974481667837464,0.24747940426870185,Argentina,Ecuador,Belgium,Argentina,0.89,0.6,0.37,0.19,0.08,0.4643366619115549,0.9309044070291655,0.6939690301548493,0.4643366619115549,0.8298937813128379,1.6637751049202574,1.2403082284700362,0.8298937813128379,0.1441018554641079,0.28889610344437827,0.2153657746262329,0.1441018554641079
England,9.01,0.09549782274000804,England,1.4671566495278359,0.801604330623352,0.33891099540139463,Ecuador,Argentina,Belgium,Argentina,0.89,0.57,0.31,0.18,0.14,0.9182321444777203,0.41945876288659795,0.6539938556067588,0.41945876288659795,1.6806176627477492,0.7677250354838142,1.196988835199603,0.7677250354838142,0.38822017073249043,0.17734333689188925,0.27650263368428174,0.17734333689188925
Spain,9.49,0.09066758513039752,Spanien,1.1267434858165064,0.6351802556824572,0.49477298761018335,Belgium,Brazil,Argentina,Argentina,0.81,0.5,0.34,0.22,0.12,0.6421568627450981,0.3446132596685083,0.40687500000000004,0.40687500000000004,1.1391192586630445,0.611307958620805,0.721753788299079,0.721753788299079,0.5002074082945234,0.2684361337288036,0.3169348504348563,0.3169348504348563
Germany,11.5,0.07482046807717152,Tyskland,1.1499552568280105,0.5815188929347282,0.6346331391101184,Belgium,Brazil,Argentina,Argentina,0.62,0.44,0.23,0.1,0.05,0.5969155275148966,0.3026076409945421,0.3614658523042754,0.3614658523042754,1.1804021452920657,0.5984074666290442,0.714799746098318,0.714799746098318,0.651436057560509,0.33024694374741465,0.3944810930755524,0.3944810930755524
Netherlands,15.03,0.057247863132899035,Holland,1.358719668307912,0.8041183243260713,0.3697733846380367,England,Argentina,Belgium,Argentina,0.84,0.45,0.17,0.08,0.04,0.3747920133111481,0.30222841225626745,0.5311915159076731,0.30222841225626745,0.6332865010101189,0.5106756998706895,0.8975549225382203,0.5106756998706895,0.17234790839211075,0.13897957496173494,0.24426813664868177,0.13897957496173494
Portugal,15.03,0.057247863132899035,Portugal,1.211065484176787,0.6778940298121884,0.5225265206018815,Brazil,Belgium,Argentina,Argentina,0.75,0.41,0.22,0.13,0.06,0.24925074925074925,0.5311915159076731,0.30222841225626745,0.30222841225626745,0.44528933144080957,0.9489797551123985,0.5399345359665199,0.5399345359665199,0.19212461098011038,0.4094469671865591,0.2329602470861871,0.2329602470861871
Belgium,17.03,0.05052468484365663,Belgien,1.1991499543134456,0.7243763335406009,0.5571053839904704,Costa Rica,Brazil,Argentina,Argentina,0.78,0.45,0.19,0.09,0.05,0.9833026119695663,0.22661217075386011,0.27655055225148684,0.27655055225148684,1.6277827251150905,0.37513922200928873,0.4578084163473587,0.4578084163473587,0.7562411330345232,0.1742835244046073,0.212690275028437,0.212690275028437
Denmark,28.55,0.030137841782398336,Danmark,1.066324366375852,0.6464955623344414,0.8213850195530014,Argentina,Ecuador,Belgium,Argentina,0.8,0.38,0.18,0.1,0.03,0.18568168853394182,0.7799275418176213,0.3736287845546292,0.18568168853394182,0.3062618220589226,1.2864059558966057,0.6162601882546129,0.3062618220589226,0.23591214890379605,0.9909129103261947,0.4747025414974281,0.23591214890379605
Uruguay,47.89,0.01796691131525313,Uruguay,0.9873179200547488,0.5722861788306551,0.8379931734006517,Brazil,Belgium,Argentina,Argentina,0.6,0.23,0.14,0.04,0.0,0.09436459909228442,0.26232285890326557,0.11966911764705883,0.11966911764705883,0.1627994229966608,0.4525638902627192,0.2064552119212428,0.2064552119212428,0.13817717913719402,0.384116851182819,0.17523034342716343,0.17523034342716343
Croatia,51.08,0.016844858709621623,Kroatien,1.3524792484050074,0.6358867841611177,0.5323186532892626,Costa Rica,Brazil,Argentina,Argentina,0.68,0.33,0.2,0.08,0.03,0.9515356224560471,0.08899589798466202,0.11304045841291892,0.11304045841291892,2.023838544132833,0.18928700551028738,0.24042782149553987,0.24042782149553987,0.7965571446350799,0.07450096108847651,0.09462933668129113,0.09462933668129113
Serbia,76.15,0.01129921710948749,Serbien,0.6250168404514245,0.4649705858373398,1.1831878120085009,Ghana,Belgium,Argentina,Argentina,0.38,0.15,0.04,0.02,0.0,0.7983956369797733,0.18276454174715603,0.07875635131865473,0.07875635131865473,1.07320921721674,0.2456734251773105,0.10586485976961983,0.10586485976961983,2.0316381629475764,0.4650719526120789,0.20040741895679873,0.20040741895679873
Switzerland,100.86,0.008530987337769903,Schweiz,0.7818329801037193,0.4683464252429769,0.9429437972275428,Ghana,Belgium,Argentina,Argentina,0.55,0.28,0.07,0.01,0.0,0.7493725616877469,0.14445669692085844,0.06063146130203967,0.06063146130203967,1.2509632860085016,0.2411484400483702,0.1012149842997608,0.1012149842997608,1.5087468821596846,0.29084143486060515,0.12207216126810273,0.12207216126810273
Mexico,101.18,0.008504006551566242,Mexico,0.6224547954765168,0.4062684839516139,1.2026112523207144,Australia,Ecuador,Belgium,Argentina,0.33,0.1,0.05,0.02,0.0,0.8322418052492828,0.5,0.14406564588444293,0.0604512953849011,1.275099898556607,0.7660633547329878,0.22072682397602206,0.09261904428102426,2.4635515654807567,1.4800695843096014,0.4264543612349634,0.178944247262615
Ecuador,101.18,0.008504006551566242,Ecuador,1.0373658190086423,0.41853251449881007,0.9740839851893272,England,Argentina,Belgium,Argentina,0.36,0.14,0.06,0.02,0.01,0.08176785552227969,0.0604512953849011,0.14406564588444293,0.0604512953849011,0.2026680735044569,0.14983329938460394,0.35707805620045574,0.14983329938460394,0.19030482891611467,0.14069310430730958,0.3352954277400389,0.14069310430730958
Senegal,126.24,0.006815869636307609,Senegal,0.8345378235363826,0.4720710668988312,1.049964055710299,England,Argentina,Belgium,Argentina,0.54,0.28,0.12,0.04,0.02,0.06661737523105361,0.04903954802259887,0.11886647588469325,0.04903954802259887,0.1177676905730476,0.0866932132546014,0.21013482297891156,0.0866932132546014,0.14816805007319342,0.10907205787946027,0.2643786833363161,0.10907205787946027
USA,151.27,0.005688076835376958,USA,0.7605761708378522,0.46176651511601835,1.2240283005448778,Ecuador,Argentina,Belgium,Argentina,0.48,0.23,0.08,0.02,0.01,0.4007922360863537,0.04125998225377108,0.1011883541295306,0.04125998225377108,0.6601453640429307,0.0679593653591933,0.16666745724922577,0.0679593653591933,1.0624006365751812,0.10936996145315195,0.2682251854251137,0.10936996145315195
Poland,151.27,0.005688076835376958,Polen,1.163557403934627,0.5118839855398404,0.6319183809129312,Australia,Ecuador,Belgium,Argentina,0.68,0.25,0.13,0.02,0.01,0.7684241143871896,0.4007922360863537,0.1011883541295306,0.04125998225377108,1.7466957219108667,0.9110360685458403,0.2300100451769469,0.0937875752978604,0.9486159675534773,0.4947761369073928,0.12491654889602044,0.05093525470386105
Wales,200.59,0.0042895228221121314,Wales,1.1387719166734682,0.45307559452637175,0.9610672448540929,Ecuador,Argentina,Belgium,Argentina,0.48,0.19,0.05,0.02,0.0,0.3352884647247904,0.03143408981168518,0.07825567502986858,0.03143408981168518,0.8427226984324578,0.07900725427764155,0.19668983745967905,0.07900725427764155,0.7112163288363946,0.06667821982641346,0.16599650677228303,0.06667821982641346
Canada,200.92,0.004282477517855228,Canada,0.7055658017365288,0.33505171683685164,1.120431748810895,Costa Rica,Brazil,Argentina,Argentina,0.28,0.1,0.05,0.02,0.01,0.8330965850092623,0.024233888592103344,0.03138408137685002,0.03138408137685002,1.754369341770145,0.05103272770874062,0.06608990023233967,0.06608990023233967,2.785921745104296,0.08103948379097609,0.10495012983028512,0.10495012983028512
Morocco,250.41,0.003436106317189699,Marokko,0.4614605813532185,0.3046851654614296,1.3581203843578429,Costa Rica,Brazil,Argentina,Belgium,0.26,0.08,0.01,0.01,0.01,0.8001994733902498,0.01953797963978074,0.02533862680990192,0.0636778342805863,1.2119412299905654,0.029591225517613565,0.0383765892923651,0.09644319368792215,3.566853065254614,0.0870896631208447,0.1129457862841711,0.2838410745638115
Qatar,251.45,0.003421894543199334,Qatar,0.5369066705893885,0.30527809427628744,1.2701358776444949,England,Argentina,Belgium,France,0.26,0.11,0.04,0.02,0.0,0.03459264378407434,0.025236470770662125,0.06343116805721097,0.029000617856039544,0.06083967880179054,0.0443845456092232,0.11155932211228582,0.051004724774092035,0.14392568217804644,0.10499851627721053,0.2639108531562237,0.1206595753296228
South Korea,251.45,0.003421894543199334,Sydkorea,0.6834926315943305,0.4159280620744196,1.0377829268989565,Brazil,Belgium,Argentina,Argentina,0.39,0.17,0.05,0.03,0.01,0.019458742785836845,0.06343116805721097,0.025236470770662125,0.025236470770662125,0.031976460659750204,0.10423614065445803,0.041470973930359624,0.041470973930359624,0.04855154745112275,0.15826723235436277,0.06296756792594504,0.06296756792594504
Japan,251.45,0.003421894543199334,Japan,0.9185951182000975,0.49748173203593105,0.983225790608583,Belgium,Brazil,Argentina,Argentina,0.4,0.08,0.01,0.0,0.0,0.06343116805721097,0.019458742785836845,0.025236470770662125,0.025236470770662125,0.11712502704496401,0.03593037689289478,0.04659889470847008,0.04659889470847008,0.12536572972647894,0.03845837249451331,0.04987750771090125,0.04987750771090125
Ghana,301.57,0.0028531862681548978,Ghana,0.4990804170582101,0.33389172928273686,1.3181029241060862,Brazil,Belgium,Argentina,Belgium,0.26,0.06,0.0,0.0,0.0,0.01627740083507307,0.05345260514752041,0.021130875097377308,0.05345260514752041,0.024330437938200063,0.07989760191778311,0.031585106881978915,0.07989760191778311,0.064258224316148,0.21101461631705493,0.0834182635029815,0.21101461631705493
Cameroon,301.57,0.0028531862681548978,Cameroun,0.5065303643087385,0.3445121951219512,1.3791507908266023,Ghana,Belgium,Argentina,Argentina,0.22,0.09,0.03,0.0,0.0,0.5,0.05345260514752041,0.021130875097377308,0.021130875097377308,0.7351414136870188,0.07859044742680435,0.031068362783059553,0.031068362783059553,2.001599377836839,0.21398140241407013,0.08459109289611674,0.08459109289611674
Australia,501.95,0.0017141854425490038,Australien,0.2776481698764604,0.2720493189685897,1.454955092435662,Argentina,Ecuador,Belgium,Argentina,0.13,0.02,0.0,0.0,0.0,0.012803367029854856,0.1677581947507171,0.03281436664225982,0.012803367029854856,0.013066863896491678,0.17121070521662735,0.033489695465587735,0.013066863896491678,0.06847406981585193,0.8971926144705787,0.1754954948323881,0.06847406981585193
Tunisia,501.95,0.0017141854425490038,Tunesien,0.6531380310720155,0.2840069519132226,1.2816149912156227,Argentina,Ecuador,Belgium,Germany,0.18,0.02,0.01,0.01,0.0,0.012803367029854856,0.1677581947507171,0.03281436664225982,0.022397507060083744,0.02944422971564039,0.38579779923541313,0.07546403591609749,0.05150811824709982,0.05777670938319685,0.7570287130065816,0.1480787140337886,0.1010714020226934
Iran,501.95,0.0017141854425490038,Iran,0.42512150066173865,0.2835535597342579,1.3954151872583687,Ecuador,Argentina,Belgium,Belgium,0.15,0.03,0.0,0.0,0.0,0.1677581947507171,0.012803367029854856,0.03281436664225982,0.03281436664225982,0.2515137371844912,0.019195620786267006,0.049197381980659344,0.049197381980659344,0.8255665453877059,0.06300754191993321,0.16148506693334103,0.16148506693334103
Costa Rica,1002.89,0.0008579558903643196,Costa Rica,0.4898585290020634,0.28581911934688353,1.1479075295052283,Belgium,Brazil,Argentina,Argentina,0.17,0.02,0.01,0.0,0.0,0.01669738803043376,0.004950986228519268,0.006449375866851595,0.006449375866851595,0.028617252608766484,0.00848537647360282,0.011053430513453779,0.011053430513453779,0.06706009551426595,0.01988416444351461,0.02590200101058767,0.02590200101058767
Saudi Arabia,1002.89,0.0008579558903643196,Saudi-Arabien,0.49195735990825934,0.25103158715035495,1.2882149905371612,Australia,Ecuador,Belgium,Argentina,0.09,0.02,0.0,0.0,0.0,0.33355705589963053,0.09164274004365666,0.01669738803043376,0.006449375866851595,0.653686057846055,0.17959620523624809,0.032722586930448556,0.01263911828997041,1.711709687562075,0.47028165992285864,0.08568573304975066,0.03309616437357204
